379183859
18891893
383166798
262548596
403637607
423007899
363805395
109463832
412296879
71581081
263881958
318236487
404166767
396074774
249468322
316920800
217287570
362940669
435177435
283081763
253205973
310615160
239992535
225028942
8781941
225028942
17365768
278516853
158254843
80683210
18186857
449684117
276571963
258912465
26570242
376307242
255125829
172132787
129151523
17651532
257347799
142417839
47346473
425746400
1892840
14079781
350212215
425491483
34256162
436352
9362896
350707037
82217438
10011102
43790027
361352553
75733006
19008898
90175089
148228408
13252050
296436753
300875111
75416447
35115163
37990103
196998089
2878888
75977915
8493163
9313465
28427517
32154673
18964999
23374135
137337161
15105206
123093588
394821386
438700331
34567528
73703797
19286448
18095098
8493163
357906982
405066396
405066396
362673436
288339472
452568433
411564308
319141405
431325316
15604485
4302605
296436753
296436753
257434875
290895462
3458735
49808958
298583695
229716418
221784890
425700979
9220332
356491993
3471676
17657356
37795238
23279050
268153439
2527243
216902258
216902258
191887280
369897790
2521841
46681390
221434789
271183483
271183483
243491796
11678221
20633444
2097626
89708243
273756231
352944347
22613057
342781660
273216057
452034917
41616666
33123475
412933711
402028170
299416652
100665740
109999816
325561512
64578160
301495618
175184001
331185054
88342853
253760163
347855513
1723075
704432
290409541
398087183
165761037
165761037
266954123
41516999
59793605
33741289
19504941
400735407
396525439
19783018
303375557
352325414
325470010
2613844
440191201
364462216
9802058
11968516
4223055
46098128
217101345
287511062
286005620
44925496
383673227
283512598
3422190
52913200
294522686
14298402
238010462
448392223
41239398
85832728
7203719
247114957
41616666
35638991
128409649
140138252
191712113
314386810
243900548
21714416
252722793
101375249
16172008
32645726
27142720
32596927
7434209
20386152
8843984
267006205
197628962
21787360
322383588
31122755
7384186
270092728
275388395
401307750
48154849
113575407
7704860
41518606
451484829
123510473
43790027
279946771
459416573
331063476
68470941
266288713
197628962
273489617
105799769
290083065
18780408
284120296
9015071
344732579
50904363
120305652
255938211
275744019
219471194
117369808
9967418
18230423
307735666
31122755
224123762
27983748
3471676
3458735
221434789
113992312
23935267
249180809
32645726
105799769
123510473
37829506
10510516
2344960
332572876
15565243
5561958
15604485
272393150
248749401
248749401
285937154
422676286
293397237
64931373
383627537
27834914
140153217
249568799
249568799
385574069
38823109
98479740
109999816
35210167
2762550
328329497
74547861
35115163
372746149
284263143
332148114
409616945
108290165
317459060
153899231
287443754
334171026
264991189
49448153
307288654
449561266
100014993
142417839
290288634
439043916
2527243
250680612
3402519
37795238
438051189
